date;discharge
1985-04-01;     12.000
1985-04-02;     23.000
1985-04-03;     33.000
1985-04-04;     50.000
1985-04-05;     56.000
1985-04-06;     65.000
1985-04-07;     71.000
1985-04-08;     67.000
1985-04-09;     67.000
1985-04-10;     46.000
1985-04-11;     29.000
1985-04-12;     12.000
1985-04-13;      9.000
1985-04-14;      9.000
1985-04-15;      9.000
1985-04-16;      9.000
1985-04-17;      7.000
1985-04-18;      7.000
1985-04-19;     10.000
1985-04-20;     15.000
1985-04-21;     12.000
1985-04-22;      9.000
1985-04-23;      8.000
1985-04-24;      8.000
1985-04-25;      6.000
1985-04-26;      6.000
1985-04-27;      5.000
1985-04-28;      5.000
1985-04-29;      3.000
1985-04-30;      3.000
1985-05-01;      9.000
1985-05-02;      9.000
1985-05-03;      8.000
1985-05-04;      8.000
1985-05-05;      6.000
1985-05-06;      6.000
1985-05-07;      6.000
1985-05-08;      4.000
1985-05-09;      4.000
1985-05-10;      4.000
1985-05-11;      4.000
1985-05-12;     10.000
1985-05-13;     10.000
1985-05-14;     15.000
1985-05-15;     13.000
1985-05-16;     13.000
1985-05-17;     13.000
1985-05-18;     11.000
1985-05-19;     11.000
1985-05-20;     11.000
1985-05-21;      9.000
1985-05-22;      9.000
1985-05-23;     16.000
1985-05-24;     19.000
1985-05-25;     17.000
1985-05-26;     17.000
1985-05-27;     15.000
1985-05-28;     15.000
1985-05-29;     13.000
1985-05-30;     13.000
1985-05-31;     12.000
1985-06-01;     19.000
1985-06-02;     31.000
1985-06-03;     35.000
1985-06-04;     33.000
1985-06-05;     39.000
1985-06-06;     35.000
1985-06-07;     31.000
1985-06-08;     31.000
1985-06-09;     29.000
1985-06-10;     29.000
1985-06-11;     35.000
1985-06-12;     39.000
1985-06-13;     34.000
1985-06-14;     31.000
1985-06-15;     42.000
1985-06-16;     53.000
1985-06-17;     47.000
1985-06-18;     42.000
1985-06-19;     36.000
1985-06-20;     33.000
1985-06-21;     30.000
1985-06-22;     28.000
1985-06-23;     49.000
1985-06-24;     55.000
1985-06-25;     52.000
1985-06-26;     51.000
1985-06-27;     56.000
1985-06-28;     61.000
1985-06-29;     55.000
1985-06-30;     53.000
1985-07-01;     48.000
1985-07-02;     47.000
1985-07-03;     45.000
1985-07-04;     39.000
1985-07-05;     37.000
1985-07-06;     55.000
1985-07-07;     59.000
1985-07-08;     63.000
1985-07-09;     57.000
1985-07-10;     54.000
1985-07-11;     47.000
1985-07-12;     45.000
1985-07-13;     43.000
1985-07-14;     47.000
1985-07-15;     52.000
1985-07-16;     63.000
1985-07-17;     65.000
1985-07-18;     61.000
1985-07-19;     64.000
1985-07-20;     62.000
1985-07-21;     65.000
1985-07-22;     61.000
1985-07-23;     59.000
1985-07-24;     55.000
1985-07-25;     53.000
1985-07-26;     63.000
1985-07-27;     72.000
1985-07-28;     82.000
1985-07-29;     79.000
1985-07-30;     81.000
1985-07-31;     80.000
1985-08-01;     82.000
1985-08-02;     82.000
1985-08-03;     78.000
1985-08-04;     75.000
1985-08-05;     72.000
1985-08-06;    115.000
1985-08-07;    105.000
1985-08-08;     94.000
1985-08-09;     89.000
1985-08-10;     85.000
1985-08-11;     84.000
1985-08-12;     84.000
1985-08-13;     83.000
1985-08-14;     83.000
1985-08-15;     80.000
1985-08-16;     80.000
1985-08-17;     88.000
1985-08-18;     84.000
1985-08-19;     83.000
1985-08-20;    153.000
1985-08-21;    149.000
1985-08-22;    144.000
1985-08-23;    133.000
1985-08-24;    120.000
1985-08-25;    105.000
1985-08-26;     98.000
1985-08-27;     95.000
1985-08-28;     88.000
1985-08-29;     83.000
1985-08-30;     83.000
1985-08-31;     88.000
1985-09-01;    115.000
1985-09-02;    113.000
1985-09-03;     95.000
1985-09-04;     88.000
1985-09-05;     85.000
1985-09-06;     95.000
1985-09-07;    145.000
1985-09-08;    128.000
1985-09-09;    120.000
1985-09-10;    112.000
1985-09-11;    102.000
1985-09-12;     94.000
1985-09-13;    153.000
1985-09-14;    194.000
1985-09-15;    189.000
1985-09-16;    176.000
1985-09-17;    170.000
1985-09-18;    121.000
1985-09-19;    104.000
1985-09-20;    118.000
1985-09-21;    116.000
1985-09-22;    122.000
1985-09-23;    120.000
1985-09-24;    118.000
1985-09-25;    116.000
1985-09-26;    114.000
1985-09-27;    111.000
1985-09-28;    105.000
1985-09-29;     99.000
1985-09-30;     94.000
1985-10-01;     97.000
1985-10-02;     98.000
1985-10-03;     97.000
1985-10-04;     95.000
1985-10-05;     94.000
1985-10-06;     89.000
1985-10-07;     87.000
1985-10-08;     85.000
1985-10-09;     87.000
1985-10-10;     83.000
1985-10-11;     88.000
1985-10-12;     94.000
1985-10-13;    104.000
1985-10-14;     93.000
1985-10-15;     85.000
1985-10-16;    104.000
1985-10-17;    109.000
1985-10-18;    100.000
1985-10-19;    103.000
1985-10-20;    113.000
1985-10-21;    121.000
1985-10-22;    113.000
1985-10-23;    103.000
1985-10-24;     94.000
1985-10-25;     89.000
1985-10-26;     94.000
1985-10-27;     97.000
1985-10-28;     95.000
1985-10-29;    104.000
1985-10-30;    109.000
1985-10-31;    115.000
1985-11-01;    137.000
1985-11-02;    151.000
1985-11-03;    154.000
1985-11-04;    161.000
1985-11-05;    145.000
1985-11-06;    120.000
1985-11-07;    112.000
1985-11-08;    107.000
1985-11-09;    130.000
1985-11-10;    147.000
1985-11-11;    159.000
1985-11-12;    152.000
1985-11-13;    141.000
1985-11-14;    120.000
1985-11-15;    110.000
1985-11-16;    103.000
1985-11-17;     96.000
1985-11-18;     87.000
1985-11-19;     81.000
1985-11-20;     81.000
1985-11-21;     79.000
1985-11-22;     78.000
1985-11-23;     78.000
1985-11-24;     76.000
1985-11-25;     76.000
1985-11-26;     75.000
1985-11-27;     71.000
1985-11-28;     65.000
1985-11-29;     63.000
1985-11-30;     62.000
1985-12-01;     62.000
1985-12-02;     60.000
1985-12-03;     59.000
1985-12-04;     58.000
1985-12-05;     57.000
1985-12-06;     56.000
1985-12-07;     55.000
1985-12-08;     55.000
1985-12-09;     54.000
1985-12-10;     52.000
1985-12-11;     51.000
1985-12-12;     51.000
1985-12-13;     50.000
1985-12-14;     50.000
1985-12-15;     49.000
1985-12-16;     48.000
1985-12-17;     47.000
1985-12-18;     47.000
1985-12-19;     46.000
1985-12-20;     45.000
1985-12-21;     44.000
1985-12-22;     43.000
1985-12-23;     43.000
1985-12-24;     43.000
1985-12-25;     42.000
1985-12-26;     40.000
1985-12-27;     40.000
1985-12-28;     39.000
1985-12-29;     38.000
1985-12-30;     38.000
1985-12-31;     37.000
1986-01-01;     38.000
1986-01-02;     38.000
1986-01-03;     35.000
1986-01-04;     35.000
1986-01-05;     35.000
1986-01-06;     35.000
1986-01-07;     34.000
1986-01-08;     33.000
1986-01-09;     31.000
1986-01-10;     31.000
1986-01-11;     31.000
1986-01-12;     29.000
1986-01-13;     29.000
1986-01-14;     29.000
1986-01-15;     27.000
1986-01-16;     27.000
1986-01-17;     27.000
1986-01-18;     26.000
1986-01-19;     26.000
1986-01-20;     25.000
1986-01-21;     25.000
1986-01-22;     23.000
1986-01-23;     23.000
1986-01-24;     23.000
1986-01-25;     23.000
1986-01-26;     23.000
1986-01-27;     23.000
1986-01-28;     21.000
1986-01-29;     19.000
1986-01-30;     19.000
1986-01-31;     19.000
1986-02-01;     19.000
1986-02-02;     19.000
1986-02-03;     19.000
1986-02-04;     18.000
1986-02-05;     18.000
1986-02-06;     16.000
1986-02-07;     16.000
1986-02-08;     16.000
1986-02-09;     17.000
1986-02-10;     19.000
1986-02-11;     19.000
1986-02-12;     21.000
1986-02-13;     21.000
1986-02-14;     23.000
1986-02-15;     23.000
1986-02-16;     21.000
1986-02-17;     21.000
1986-02-18;     19.000
1986-02-19;     19.000
1986-02-20;     17.000
1986-02-21;     15.000
1986-02-22;     15.000
1986-02-23;     15.000
1986-02-24;     12.000
1986-02-25;     12.000
1986-02-26;     12.000
1986-02-27;     11.000
1986-02-28;     11.000
1986-03-01;      9.000
1986-03-02;     16.000
1986-03-03;     13.000
1986-03-04;     15.000
1986-03-05;     11.000
1986-03-06;     11.000
1986-03-07;     10.000
1986-03-08;     10.000
1986-03-09;      8.000
1986-03-10;      8.000
1986-03-11;      8.000
1986-03-12;      7.000
1986-03-13;      7.000
1986-03-14;     16.000
1986-03-15;     15.000
1986-03-16;     10.000
1986-03-17;      7.000
1986-03-18;      7.000
1986-03-19;      6.000
1986-03-20;      6.000
1986-03-21;      6.000
1986-03-22;      8.000
1986-03-23;     10.000
1986-03-24;      7.000
1986-03-25;      5.000
1986-03-26;      5.000
1986-03-27;      4.000
1986-03-28;      4.000
1986-03-29;      3.000
1986-03-30;      3.000
1986-03-31;      7.000
1986-04-01;     12.000
1986-04-02;     11.000
1986-04-03;     10.000
1986-04-04;      8.000
1986-04-05;      7.000
1986-04-06;      6.000
1986-04-07;      6.000
1986-04-08;      6.000
1986-04-09;      5.000
1986-04-10;      5.000
1986-04-11;      4.000
1986-04-12;      4.000
1986-04-13;      4.000
1986-04-14;      4.000
1986-04-15;      3.000
1986-04-16;      3.000
1986-04-17;      2.000
1986-04-18;      2.000
1986-04-19;      2.000
1986-04-20;      2.000
1986-04-21;      0.000
1986-04-22;      0.000
1986-04-23;     11.000
1986-04-24;      7.000
1986-04-25;     10.000
1986-04-26;     11.000
1986-04-27;      4.000
1986-04-28;      4.000
1986-04-29;      2.000
1986-04-30;      1.000
1986-05-01;      1.000
1986-05-02;      0.000
1986-05-03;     15.000
1986-05-04;     14.000
1986-05-05;      9.000
1986-05-06;      7.000
1986-05-07;      5.000
1986-05-08;      4.000
1986-05-09;      7.000
1986-05-10;      7.000
1986-05-11;      6.000
1986-05-12;      5.000
1986-05-13;      7.000
1986-05-14;      6.000
1986-05-15;      6.000
1986-05-16;      6.000
1986-05-17;      5.000
1986-05-18;      5.000
1986-05-19;      4.000
1986-05-20;      4.000
1986-05-21;      5.000
1986-05-22;      6.000
1986-05-23;     12.000
1986-05-24;     15.000
1986-05-25;     16.000
1986-05-26;     20.000
1986-05-27;     21.000
1986-05-28;     15.000
1986-05-29;     10.000
1986-05-30;      9.000
1986-05-31;     11.000
1986-06-01;      9.000
1986-06-02;      9.000
1986-06-03;     10.000
1986-06-04;     13.000
1986-06-05;     17.000
1986-06-06;     14.000
1986-06-07;     11.000
1986-06-08;     10.000
1986-06-09;     14.000
1986-06-10;     18.000
1986-06-11;     26.000
1986-06-12;     27.000
1986-06-13;     24.000
1986-06-14;     20.000
1986-06-15;     17.000
1986-06-16;     31.000
1986-06-17;     30.000
1986-06-18;     59.000
1986-06-19;     15.000
1986-06-20;     13.000
1986-06-21;     12.000
1986-06-22;     11.000
1986-06-23;     11.000
1986-06-24;     10.000
1986-06-25;      9.000
1986-06-26;      9.000
1986-06-27;      8.000
1986-06-28;      6.000
1986-06-29;     12.000
1986-06-30;      2.000
1986-07-01;     26.000
1986-07-02;     31.000
1986-07-03;     24.000
1986-07-04;     19.000
1986-07-05;     38.000
1986-07-06;     28.000
1986-07-07;     19.000
1986-07-08;     18.000
1986-07-09;     30.000
1986-07-10;     42.000
1986-07-11;     34.000
1986-07-12;     24.000
1986-07-13;     46.000
1986-07-14;     40.000
1986-07-15;     40.000
1986-07-16;     53.000
1986-07-17;     48.000
1986-07-18;     42.000
1986-07-19;     34.000
1986-07-20;     27.000
1986-07-21;     35.000
1986-07-22;     47.000
1986-07-23;     43.000
1986-07-24;     59.000
1986-07-25;     11.000
1986-07-26;     96.000
1986-07-27;     81.000
1986-07-28;     85.000
1986-07-29;     14.000
1986-07-30;    122.000
1986-07-31;      7.000
1986-08-01;     63.000
1986-08-02;     69.000
1986-08-03;     79.000
1986-08-04;     88.000
1986-08-05;     91.000
1986-08-06;     95.000
1986-08-07;     98.000
1986-08-08;     90.000
1986-08-09;    114.000
1986-08-10;    143.000
1986-08-11;    143.000
1986-08-12;    148.000
1986-08-13;    141.000
1986-08-14;    125.000
1986-08-15;    119.000
1986-08-16;    138.000
1986-08-17;    103.000
1986-08-18;     87.000
1986-08-19;    102.000
1986-08-20;    126.000
1986-08-21;    145.000
1986-08-22;    165.000
1986-08-23;    180.000
1986-08-24;    157.000
1986-08-25;    146.000
1986-08-26;    143.000
1986-08-27;    149.000
1986-08-28;    122.000
1986-08-29;    109.000
1986-08-30;     84.000
1986-08-31;   -999.000
1986-09-01;     82.000
1986-09-02;     82.000
1986-09-03;     90.000
1986-09-04;     88.000
1986-09-05;     90.000
1986-09-06;     88.000
1986-09-07;    114.000
1986-09-08;    108.000
1986-09-09;    103.000
1986-09-10;     93.000
1986-09-11;     86.000
1986-09-12;    131.000
1986-09-13;    103.000
1986-09-14;    109.000
1986-09-15;     98.000
1986-09-16;     99.000
1986-09-17;    113.000
1986-09-18;     91.000
1986-09-19;     97.000
1986-09-20;     82.000
1986-09-21;     89.000
1986-09-22;     93.000
1986-09-23;    112.000
1986-09-24;    133.000
1986-09-25;    147.000
1986-09-26;    174.000
1986-09-27;    178.000
1986-09-28;    182.000
1986-09-29;    186.000
1986-09-30;    209.000
1986-10-01;    219.000
1986-10-02;    217.000
1986-10-03;    216.000
1986-10-04;    237.000
1986-10-05;    270.000
1986-10-06;    287.000
1986-10-07;    287.000
1986-10-08;    291.000
1986-10-09;    288.000
1986-10-10;    282.000
1986-10-11;    228.000
1986-10-12;    189.000
1986-10-13;    176.000
1986-10-14;    147.000
1986-10-15;    153.000
1986-10-16;    126.000
1986-10-17;    124.000
1986-10-18;    147.000
1986-10-19;    144.000
1986-10-20;    143.000
1986-10-21;    142.000
1986-10-22;    124.000
1986-10-23;    116.000
1986-10-24;    122.000
1986-10-25;    118.000
1986-10-26;   -999.000
1986-10-27;   -999.000
1986-10-28;   -999.000
1986-10-29;   -999.000
1986-10-30;   -999.000
1986-10-31;   -999.000
1986-11-01;   -999.000
1986-11-02;   -999.000
1986-11-03;   -999.000
1986-11-04;   -999.000
1986-11-05;   -999.000
1986-11-06;   -999.000
1986-11-07;   -999.000
1986-11-08;   -999.000
1986-11-09;   -999.000
1986-11-10;   -999.000
1986-11-11;   -999.000
1986-11-12;   -999.000
1986-11-13;   -999.000
1986-11-14;   -999.000
1986-11-15;   -999.000
1986-11-16;   -999.000
1986-11-17;   -999.000
1986-11-18;   -999.000
1986-11-19;   -999.000
1986-11-20;   -999.000
1986-11-21;     63.000
1986-11-22;     60.000
1986-11-23;     52.000
1986-11-24;     67.000
1986-11-25;     49.000
1986-11-26;     49.000
1986-11-27;     49.000
1986-11-28;     47.000
1986-11-29;     56.000
1986-11-30;     57.000
1986-12-01;     68.000
1986-12-02;     49.000
1986-12-03;     47.000
1986-12-04;     45.000
1986-12-05;     44.000
1986-12-06;     42.000
1986-12-07;     40.000
1986-12-08;     47.000
1986-12-09;     50.000
1986-12-10;     44.000
1986-12-11;     39.000
1986-12-12;     37.000
1986-12-13;     36.000
1986-12-14;     36.000
1986-12-15;     35.000
1986-12-16;     29.000
1986-12-17;     33.000
1986-12-18;     32.000
1986-12-19;     32.000
1986-12-20;     31.000
1986-12-21;     29.000
1986-12-22;     29.000
1986-12-23;     29.000
1986-12-24;     29.000
1986-12-25;     28.000
1986-12-26;     28.000
1986-12-27;     27.000
1986-12-28;     27.000
1986-12-29;     27.000
1986-12-30;     27.000
1986-12-31;     26.000
1987-01-01;     26.000
1987-01-02;     26.000
1987-01-03;     24.000
1987-01-04;     22.000
1987-01-05;     21.000
1987-01-06;     21.000
1987-01-07;     20.000
1987-01-08;     20.000
1987-01-09;     19.000
1987-01-10;     19.000
1987-01-11;     19.000
1987-01-12;     18.000
1987-01-13;     18.000
1987-01-14;     18.000
1987-01-15;     17.000
1987-01-16;     20.000
1987-01-17;     20.000
1987-01-18;     19.000
1987-01-19;     19.000
1987-01-20;     19.000
1987-01-21;     18.000
1987-01-22;     18.000
1987-01-23;     17.000
1987-01-24;     17.000
1987-01-25;     17.000
1987-01-26;     15.000
1987-01-27;     15.000
1987-01-28;     15.000
1987-01-29;     15.000
1987-01-30;     15.000
1987-01-31;     15.000
1987-02-01;     25.000
1987-02-02;     15.000
1987-02-03;     14.000
1987-02-04;     14.000
1987-02-05;     13.000
1987-02-06;     13.000
1987-02-07;     13.000
1987-02-08;     12.000
1987-02-09;     12.000
1987-02-10;     11.000
1987-02-11;     11.000
1987-02-12;     12.000
1987-02-13;     10.000
1987-02-14;     10.000
1987-02-15;     10.000
1987-02-16;     10.000
1987-02-17;     10.000
1987-02-18;     10.000
1987-02-19;      9.000
1987-02-20;      9.000
1987-02-21;      9.000
1987-02-22;      8.000
1987-02-23;      8.000
1987-02-24;      8.000
1987-02-25;     11.000
1987-02-26;     11.000
1987-02-27;     10.000
1987-02-28;     10.000
1987-03-01;      9.000
1987-03-02;      9.000
1987-03-03;      8.000
1987-03-04;      8.000
1987-03-05;      9.000
1987-03-06;     10.000
1987-03-07;      9.000
1987-03-08;      9.000
1987-03-09;      8.000
1987-03-10;      7.000
1987-03-11;      6.000
1987-03-12;      5.000
1987-03-13;      5.000
1987-03-14;      4.000
1987-03-15;      4.000
1987-03-16;      4.000
1987-03-17;      4.000
1987-03-18;      4.000
1987-03-19;      3.000
1987-03-20;      3.000
1987-03-21;      3.000
1987-03-22;      6.000
1987-03-23;      5.000
1987-03-24;      5.000
1987-03-25;      4.000
1987-03-26;      4.000
1987-03-27;      3.000
1987-03-28;     12.000
1987-03-29;     16.000
1987-03-30;     14.000
1987-03-31;     13.000
1987-04-01;     12.000
1987-04-02;     18.000
1987-04-03;     23.000
1987-04-04;     21.000
1987-04-05;     18.000
1987-04-06;     15.000
1987-04-07;     12.000
1987-04-08;     11.000
1987-04-09;     13.000
1987-04-10;     13.000
1987-04-11;     10.000
1987-04-12;      9.000
1987-04-13;      8.000
1987-04-14;      7.000
1987-04-15;      9.000
1987-04-16;     18.000
1987-04-17;     31.000
1987-04-18;     16.000
1987-04-19;     12.000
1987-04-20;     10.000
1987-04-21;     10.000
1987-04-22;      9.000
1987-04-23;      9.000
1987-04-24;      8.000
1987-04-25;      7.000
1987-04-26;      7.000
1987-04-27;   -999.000
1987-04-28;   -999.000
1987-04-29;   -999.000
1987-04-30;   -999.000
1987-05-01;      7.000
1987-05-02;      7.000
1987-05-03;      6.000
1987-05-04;      5.000
1987-05-05;     12.000
1987-05-06;      9.000
1987-05-07;      7.000
1987-05-08;      6.000
1987-05-09;      6.000
1987-05-10;      5.000
1987-05-11;      7.000
1987-05-12;      6.000
1987-05-13;      6.000
1987-05-14;      5.000
1987-05-15;      5.000
1987-05-16;      5.000
1987-05-17;      5.000
1987-05-18;      7.000
1987-05-19;      6.000
1987-05-20;      6.000
1987-05-21;      6.000
1987-05-22;      5.000
1987-05-23;      5.000
1987-05-24;      5.000
1987-05-25;      8.000
1987-05-26;     11.000
1987-05-27;     14.000
1987-05-28;     10.000
1987-05-29;      9.000
1987-05-30;      8.000
1987-05-31;     21.000
1987-06-01;     17.000
1987-06-02;     13.000
1987-06-03;     12.000
1987-06-04;     12.000
1987-06-05;     13.000
1987-06-06;     27.000
1987-06-07;     29.000
1987-06-08;     27.000
1987-06-09;     28.000
1987-06-10;     24.000
1987-06-11;     18.000
1987-06-12;     18.000
1987-06-13;     25.000
1987-06-14;     18.000
1987-06-15;     17.000
1987-06-16;     17.000
1987-06-17;     18.000
1987-06-18;     21.000
1987-06-19;     25.000
1987-06-20;     22.000
1987-06-21;     20.000
1987-06-22;     20.000
1987-06-23;     18.000
1987-06-24;     18.000
1987-06-25;     22.000
1987-06-26;     21.000
1987-06-27;     23.000
1987-06-28;     22.000
1987-06-29;     27.000
1987-06-30;     28.000
1987-07-01;     34.000
1987-07-02;     17.000
1987-07-03;     33.000
1987-07-04;     29.000
1987-07-05;     25.000
1987-07-06;     23.000
1987-07-07;     22.000
1987-07-08;     18.000
1987-07-09;     16.000
1987-07-10;     14.000
1987-07-11;     21.000
1987-07-12;     17.000
1987-07-13;     17.000
1987-07-14;     22.000
1987-07-15;     17.000
1987-07-16;     16.000
1987-07-17;     15.000
1987-07-18;     13.000
1987-07-19;     19.000
1987-07-20;     11.000
1987-07-21;     11.000
1987-07-22;      9.000
1987-07-23;     13.000
1987-07-24;     13.000
1987-07-25;     23.000
1987-07-26;     21.000
1987-07-27;     18.000
1987-07-28;     16.000
1987-07-29;     13.000
1987-07-30;     12.000
1987-07-31;     23.000
1987-08-01;     24.000
1987-08-02;     21.000
1987-08-03;     25.000
1987-08-04;     17.000
1987-08-05;     14.000
1987-08-06;     20.000
1987-08-07;     35.000
1987-08-08;     22.000
1987-08-09;     19.000
1987-08-10;     17.000
1987-08-11;     26.000
1987-08-12;     23.000
1987-08-13;     20.000
1987-08-14;     24.000
1987-08-15;     38.000
1987-08-16;     32.000
1987-08-17;    116.000
1987-08-18;     73.000
1987-08-19;     63.000
1987-08-20;     60.000
1987-08-21;     41.000
1987-08-22;     46.000
1987-08-23;     29.000
1987-08-24;     50.000
1987-08-25;     38.000
1987-08-26;     47.000
1987-08-27;     92.000
1987-08-28;    123.000
1987-08-29;    113.000
1987-08-30;     76.000
1987-08-31;     98.000
1987-09-01;     97.000
1987-09-02;     89.000
1987-09-03;    104.000
1987-09-04;     90.000
1987-09-05;     55.000
1987-09-06;     56.000
1987-09-07;     81.000
1987-09-08;     81.000
1987-09-09;     70.000
1987-09-10;     54.000
1987-09-11;     51.000
1987-09-12;     34.000
1987-09-13;     40.000
1987-09-14;     37.000
1987-09-15;     33.000
1987-09-16;     28.000
1987-09-17;     26.000
1987-09-18;     25.000
1987-09-19;     28.000
1987-09-20;     25.000
1987-09-21;     27.000
1987-09-22;     36.000
1987-09-23;     45.000
1987-09-24;     54.000
1987-09-25;     81.000
1987-09-26;     67.000
1987-09-27;     57.000
1987-09-28;     71.000
1987-09-29;     76.000
1987-09-30;     87.000
1987-10-01;     77.000
1987-10-02;     62.000
1987-10-03;     57.000
1987-10-04;     65.000
1987-10-05;     38.000
1987-10-06;     37.000
1987-10-07;     35.000
1987-10-08;     80.000
1987-10-09;    109.000
1987-10-10;     93.000
1987-10-11;     66.000
1987-10-12;     80.000
1987-10-13;     70.000
1987-10-14;     66.000
1987-10-15;     64.000
1987-10-16;     59.000
1987-10-17;     44.000
1987-10-18;     40.000
1987-10-19;     38.000
1987-10-20;     37.000
1987-10-21;     36.000
1987-10-22;     32.000
1987-10-23;     30.000
1987-10-24;     36.000
1987-10-25;     39.000
1987-10-26;     34.000
1987-10-27;     31.000
1987-10-28;     29.000
1987-10-29;     28.000
1987-10-30;     26.000
1987-10-31;     26.000
1987-11-01;     25.000
1987-11-02;     25.000
1987-11-03;     26.000
1987-11-04;     25.000
1987-11-05;     24.000
1987-11-06;     22.000
1987-11-07;     21.000
1987-11-08;     19.000
1987-11-09;     25.000
1987-11-10;     24.000
1987-11-11;     22.000
1987-11-12;     21.000
1987-11-13;     20.000
1987-11-14;     20.000
1987-11-15;     19.000
1987-11-16;     19.000
1987-11-17;     18.000
1987-11-18;     17.000
1987-11-19;     17.000
1987-11-20;     15.000
1987-11-21;     26.000
1987-11-22;     31.000
1987-11-23;     22.000
1987-11-24;     18.000
1987-11-25;     17.000
1987-11-26;     16.000
1987-11-27;     16.000
1987-11-28;     15.000
1987-11-29;     15.000
1987-11-30;     15.000
1987-12-01;     27.000
1987-12-02;     25.000
1987-12-03;     21.000
1987-12-04;     20.000
1987-12-05;     19.000
1987-12-06;     17.000
1987-12-07;     16.000
1987-12-08;     15.000
1987-12-09;     15.000
1987-12-10;     14.000
1987-12-11;     13.000
1987-12-12;     13.000
1987-12-13;     12.000
1987-12-14;     12.000
1987-12-15;     12.000
1987-12-16;     11.000
1987-12-17;     11.000
1987-12-18;     11.000
1987-12-19;     10.000
1987-12-20;     10.000
1987-12-21;     10.000
1987-12-22;     10.000
1987-12-23;      9.000
1987-12-24;      9.000
1987-12-25;      9.000
1987-12-26;      9.000
1987-12-27;      9.000
1987-12-28;      9.000
1987-12-29;      9.000
1987-12-30;      8.000
1987-12-31;      8.000
1988-01-01;      8.000
1988-01-02;      8.000
1988-01-03;      8.000
1988-01-04;      7.000
1988-01-05;      7.000
1988-01-06;      8.000
1988-01-07;      8.000
1988-01-08;      8.000
1988-01-09;      8.000
1988-01-10;      7.000
1988-01-11;      7.000
1988-01-12;      7.000
1988-01-13;      6.000
1988-01-14;      6.000
1988-01-15;      6.000
1988-01-16;      6.000
1988-01-17;      6.000
1988-01-18;      6.000
1988-01-19;      6.000
1988-01-20;      6.000
1988-01-21;      6.000
1988-01-22;      6.000
1988-01-23;      5.000
1988-01-24;      5.000
1988-01-25;      5.000
1988-01-26;      5.000
1988-01-27;      5.000
1988-01-28;      5.000
1988-01-29;      5.000
1988-01-30;      5.000
1988-01-31;      5.000
1988-02-01;      5.000
1988-02-02;      5.000
1988-02-03;      5.000
1988-02-04;      4.000
1988-02-05;      4.000
1988-02-06;      4.000
1988-02-07;      4.000
1988-02-08;      4.000
1988-02-09;      4.000
1988-02-10;      4.000
1988-02-11;      4.000
1988-02-12;      4.000
1988-02-13;      4.000
1988-02-14;      4.000
1988-02-15;      4.000
1988-02-16;      4.000
1988-02-17;      4.000
1988-02-18;      4.000
1988-02-19;      4.000
1988-02-20;      4.000
1988-02-21;      4.000
1988-02-22;      4.000
1988-02-23;      4.000
1988-02-24;      4.000
1988-02-25;      4.000
1988-02-26;      4.000
1988-02-27;      4.000
1988-02-28;      4.000
1988-02-29;      4.000
1988-03-01;      4.000
1988-03-02;      4.000
1988-03-03;      4.000
1988-03-04;      9.000
1988-03-05;      8.000
1988-03-06;      7.000
1988-03-07;      6.000
1988-03-08;      4.000
1988-03-09;      4.000
1988-03-10;      4.000
1988-03-11;      8.000
1988-03-12;     34.000
1988-03-13;     96.000
1988-03-14;     93.000
1988-03-15;     83.000
1988-03-16;     73.000
1988-03-17;     65.000
1988-03-18;     52.000
1988-03-19;     33.000
1988-03-20;     28.000
1988-03-21;     12.000
1988-03-22;      4.000
1988-03-23;      4.000
1988-03-24;      4.000
1988-03-25;      4.000
1988-03-26;      4.000
1988-03-27;      4.000
1988-03-28;      4.000
1988-03-29;      4.000
1988-03-30;      4.000
1988-03-31;      4.000
1988-04-01;   -999.000
1988-04-02;   -999.000
1988-04-03;   -999.000
1988-04-04;   -999.000
1988-04-05;   -999.000
1988-04-06;   -999.000
1988-04-07;   -999.000
1988-04-08;   -999.000
1988-04-09;   -999.000
1988-04-10;   -999.000
1988-04-11;   -999.000
1988-04-12;   -999.000
1988-04-13;   -999.000
1988-04-14;   -999.000
1988-04-15;   -999.000
1988-04-16;   -999.000
1988-04-17;   -999.000
1988-04-18;   -999.000
1988-04-19;   -999.000
1988-04-20;   -999.000
1988-04-21;   -999.000
1988-04-22;   -999.000
1988-04-23;   -999.000
1988-04-24;   -999.000
1988-04-25;   -999.000
1988-04-26;   -999.000
1988-04-27;   -999.000
1988-04-28;   -999.000
1988-04-29;   -999.000
1988-04-30;   -999.000
1988-05-01;   -999.000
1988-05-02;   -999.000
1988-05-03;   -999.000
1988-05-04;   -999.000
1988-05-05;   -999.000
1988-05-06;   -999.000
1988-05-07;   -999.000
1988-05-08;   -999.000
1988-05-09;   -999.000
1988-05-10;   -999.000
1988-05-11;   -999.000
1988-05-12;   -999.000
1988-05-13;   -999.000
1988-05-14;   -999.000
1988-05-15;   -999.000
1988-05-16;   -999.000
1988-05-17;   -999.000
1988-05-18;   -999.000
1988-05-19;   -999.000
1988-05-20;   -999.000
1988-05-21;   -999.000
1988-05-22;   -999.000
1988-05-23;   -999.000
1988-05-24;   -999.000
1988-05-25;   -999.000
1988-05-26;   -999.000
1988-05-27;   -999.000
1988-05-28;   -999.000
1988-05-29;   -999.000
1988-05-30;   -999.000
1988-05-31;   -999.000
1988-06-01;   -999.000
1988-06-02;   -999.000
1988-06-03;   -999.000
1988-06-04;   -999.000
1988-06-05;   -999.000
1988-06-06;   -999.000
1988-06-07;   -999.000
1988-06-08;   -999.000
1988-06-09;   -999.000
1988-06-10;   -999.000
1988-06-11;   -999.000
1988-06-12;   -999.000
1988-06-13;   -999.000
1988-06-14;   -999.000
1988-06-15;   -999.000
1988-06-16;   -999.000
1988-06-17;   -999.000
1988-06-18;   -999.000
1988-06-19;   -999.000
1988-06-20;   -999.000
1988-06-21;   -999.000
1988-06-22;   -999.000
1988-06-23;   -999.000
1988-06-24;   -999.000
1988-06-25;   -999.000
1988-06-26;   -999.000
1988-06-27;   -999.000
1988-06-28;   -999.000
1988-06-29;   -999.000
1988-06-30;   -999.000
1988-07-01;   -999.000
1988-07-02;   -999.000
1988-07-03;   -999.000
1988-07-04;   -999.000
1988-07-05;   -999.000
1988-07-06;   -999.000
1988-07-07;   -999.000
1988-07-08;   -999.000
1988-07-09;   -999.000
1988-07-10;   -999.000
1988-07-11;   -999.000
1988-07-12;   -999.000
1988-07-13;   -999.000
1988-07-14;   -999.000
1988-07-15;   -999.000
1988-07-16;   -999.000
1988-07-17;   -999.000
1988-07-18;   -999.000
1988-07-19;   -999.000
1988-07-20;   -999.000
1988-07-21;   -999.000
1988-07-22;   -999.000
1988-07-23;   -999.000
1988-07-24;   -999.000
1988-07-25;   -999.000
1988-07-26;   -999.000
1988-07-27;   -999.000
1988-07-28;   -999.000
1988-07-29;   -999.000
1988-07-30;   -999.000
1988-07-31;   -999.000
1988-08-01;   -999.000
1988-08-02;   -999.000
1988-08-03;   -999.000
1988-08-04;   -999.000
1988-08-05;   -999.000
1988-08-06;   -999.000
1988-08-07;   -999.000
1988-08-08;   -999.000
1988-08-09;   -999.000
1988-08-10;   -999.000
1988-08-11;   -999.000
1988-08-12;   -999.000
1988-08-13;   -999.000
1988-08-14;   -999.000
1988-08-15;   -999.000
1988-08-16;   -999.000
1988-08-17;   -999.000
1988-08-18;   -999.000
1988-08-19;   -999.000
1988-08-20;   -999.000
1988-08-21;   -999.000
1988-08-22;   -999.000
1988-08-23;   -999.000
1988-08-24;   -999.000
1988-08-25;   -999.000
1988-08-26;   -999.000
1988-08-27;   -999.000
1988-08-28;   -999.000
1988-08-29;   -999.000
1988-08-30;   -999.000
1988-08-31;   -999.000
1988-09-01;   -999.000
1988-09-02;   -999.000
1988-09-03;   -999.000
1988-09-04;   -999.000
1988-09-05;   -999.000
1988-09-06;   -999.000
1988-09-07;   -999.000
1988-09-08;   -999.000
1988-09-09;   -999.000
1988-09-10;   -999.000
1988-09-11;   -999.000
1988-09-12;   -999.000
1988-09-13;   -999.000
1988-09-14;   -999.000
1988-09-15;   -999.000
1988-09-16;   -999.000
1988-09-17;   -999.000
1988-09-18;   -999.000
1988-09-19;   -999.000
1988-09-20;   -999.000
1988-09-21;   -999.000
1988-09-22;   -999.000
1988-09-23;   -999.000
1988-09-24;   -999.000
1988-09-25;   -999.000
1988-09-26;   -999.000
1988-09-27;   -999.000
1988-09-28;   -999.000
1988-09-29;   -999.000
1988-09-30;   -999.000
1988-10-01;   -999.000
1988-10-02;   -999.000
1988-10-03;   -999.000
1988-10-04;   -999.000
1988-10-05;   -999.000
1988-10-06;   -999.000
1988-10-07;   -999.000
1988-10-08;   -999.000
1988-10-09;   -999.000
1988-10-10;   -999.000
1988-10-11;   -999.000
1988-10-12;   -999.000
1988-10-13;   -999.000
1988-10-14;   -999.000
1988-10-15;   -999.000
1988-10-16;   -999.000
1988-10-17;   -999.000
1988-10-18;   -999.000
1988-10-19;   -999.000
1988-10-20;   -999.000
1988-10-21;   -999.000
1988-10-22;   -999.000
1988-10-23;   -999.000
1988-10-24;   -999.000
1988-10-25;   -999.000
1988-10-26;   -999.000
1988-10-27;   -999.000
1988-10-28;   -999.000
1988-10-29;   -999.000
1988-10-30;   -999.000
1988-10-31;   -999.000
1988-11-01;   -999.000
1988-11-02;   -999.000
1988-11-03;   -999.000
1988-11-04;   -999.000
1988-11-05;   -999.000
1988-11-06;   -999.000
1988-11-07;   -999.000
1988-11-08;   -999.000
1988-11-09;   -999.000
1988-11-10;   -999.000
1988-11-11;   -999.000
1988-11-12;   -999.000
1988-11-13;   -999.000
1988-11-14;   -999.000
1988-11-15;   -999.000
1988-11-16;   -999.000
1988-11-17;   -999.000
1988-11-18;   -999.000
1988-11-19;   -999.000
1988-11-20;   -999.000
1988-11-21;   -999.000
1988-11-22;   -999.000
1988-11-23;   -999.000
1988-11-24;   -999.000
1988-11-25;   -999.000
1988-11-26;   -999.000
1988-11-27;   -999.000
1988-11-28;   -999.000
1988-11-29;   -999.000
1988-11-30;   -999.000
1988-12-01;   -999.000
1988-12-02;   -999.000
1988-12-03;   -999.000
1988-12-04;   -999.000
1988-12-05;   -999.000
1988-12-06;   -999.000
1988-12-07;   -999.000
1988-12-08;   -999.000
1988-12-09;   -999.000
1988-12-10;   -999.000
1988-12-11;   -999.000
1988-12-12;   -999.000
1988-12-13;   -999.000
1988-12-14;   -999.000
1988-12-15;   -999.000
1988-12-16;   -999.000
1988-12-17;   -999.000
1988-12-18;   -999.000
1988-12-19;   -999.000
1988-12-20;   -999.000
1988-12-21;   -999.000
1988-12-22;   -999.000
1988-12-23;   -999.000
1988-12-24;   -999.000
1988-12-25;   -999.000
1988-12-26;   -999.000
1988-12-27;   -999.000
1988-12-28;   -999.000
1988-12-29;   -999.000
1988-12-30;   -999.000
1988-12-31;   -999.000
1989-01-01;   -999.000
1989-01-02;   -999.000
1989-01-03;   -999.000
1989-01-04;   -999.000
1989-01-05;   -999.000
1989-01-06;   -999.000
1989-01-07;   -999.000
1989-01-08;   -999.000
1989-01-09;   -999.000
1989-01-10;   -999.000
1989-01-11;   -999.000
1989-01-12;   -999.000
1989-01-13;   -999.000
1989-01-14;   -999.000
1989-01-15;   -999.000
1989-01-16;   -999.000
1989-01-17;   -999.000
1989-01-18;   -999.000
1989-01-19;   -999.000
1989-01-20;   -999.000
1989-01-21;   -999.000
1989-01-22;   -999.000
1989-01-23;   -999.000
1989-01-24;   -999.000
1989-01-25;   -999.000
1989-01-26;   -999.000
1989-01-27;   -999.000
1989-01-28;   -999.000
1989-01-29;   -999.000
1989-01-30;   -999.000
1989-01-31;   -999.000
1989-02-01;   -999.000
1989-02-02;   -999.000
1989-02-03;   -999.000
1989-02-04;   -999.000
1989-02-05;   -999.000
1989-02-06;   -999.000
1989-02-07;   -999.000
1989-02-08;   -999.000
1989-02-09;   -999.000
1989-02-10;   -999.000
1989-02-11;   -999.000
1989-02-12;   -999.000
1989-02-13;   -999.000
1989-02-14;   -999.000
1989-02-15;   -999.000
1989-02-16;   -999.000
1989-02-17;   -999.000
1989-02-18;   -999.000
1989-02-19;   -999.000
1989-02-20;   -999.000
1989-02-21;   -999.000
1989-02-22;   -999.000
1989-02-23;   -999.000
1989-02-24;   -999.000
1989-02-25;   -999.000
1989-02-26;   -999.000
1989-02-27;   -999.000
1989-02-28;   -999.000
1989-03-01;   -999.000
1989-03-02;   -999.000
1989-03-03;   -999.000
1989-03-04;   -999.000
1989-03-05;   -999.000
1989-03-06;   -999.000
1989-03-07;   -999.000
1989-03-08;   -999.000
1989-03-09;   -999.000
1989-03-10;   -999.000
1989-03-11;   -999.000
1989-03-12;   -999.000
1989-03-13;   -999.000
1989-03-14;   -999.000
1989-03-15;   -999.000
1989-03-16;   -999.000
1989-03-17;   -999.000
1989-03-18;   -999.000
1989-03-19;   -999.000
1989-03-20;   -999.000
1989-03-21;   -999.000
1989-03-22;   -999.000
1989-03-23;   -999.000
1989-03-24;   -999.000
1989-03-25;   -999.000
1989-03-26;   -999.000
1989-03-27;   -999.000
1989-03-28;   -999.000
1989-03-29;   -999.000
1989-03-30;   -999.000
1989-03-31;   -999.000
1989-04-01;   -999.000
1989-04-02;   -999.000
1989-04-03;   -999.000
1989-04-04;   -999.000
1989-04-05;   -999.000
1989-04-06;   -999.000
1989-04-07;   -999.000
1989-04-08;   -999.000
1989-04-09;   -999.000
1989-04-10;   -999.000
1989-04-11;   -999.000
1989-04-12;   -999.000
1989-04-13;   -999.000
1989-04-14;   -999.000
1989-04-15;   -999.000
1989-04-16;   -999.000
1989-04-17;   -999.000
1989-04-18;   -999.000
1989-04-19;   -999.000
1989-04-20;   -999.000
1989-04-21;   -999.000
1989-04-22;   -999.000
1989-04-23;   -999.000
1989-04-24;   -999.000
1989-04-25;   -999.000
1989-04-26;   -999.000
1989-04-27;   -999.000
1989-04-28;   -999.000
1989-04-29;   -999.000
1989-04-30;   -999.000
1989-05-01;   -999.000
1989-05-02;   -999.000
1989-05-03;   -999.000
1989-05-04;   -999.000
1989-05-05;   -999.000
1989-05-06;   -999.000
1989-05-07;   -999.000
1989-05-08;   -999.000
1989-05-09;   -999.000
1989-05-10;   -999.000
1989-05-11;   -999.000
1989-05-12;   -999.000
1989-05-13;   -999.000
1989-05-14;   -999.000
1989-05-15;   -999.000
1989-05-16;   -999.000
1989-05-17;   -999.000
1989-05-18;   -999.000
1989-05-19;   -999.000
1989-05-20;   -999.000
1989-05-21;   -999.000
1989-05-22;   -999.000
1989-05-23;   -999.000
1989-05-24;   -999.000
1989-05-25;   -999.000
1989-05-26;   -999.000
1989-05-27;   -999.000
1989-05-28;   -999.000
1989-05-29;   -999.000
1989-05-30;   -999.000
1989-05-31;   -999.000
1989-06-01;   -999.000
1989-06-02;   -999.000
1989-06-03;   -999.000
1989-06-04;   -999.000
1989-06-05;   -999.000
1989-06-06;   -999.000
1989-06-07;   -999.000
1989-06-08;   -999.000
1989-06-09;   -999.000
1989-06-10;   -999.000
1989-06-11;   -999.000
1989-06-12;   -999.000
1989-06-13;   -999.000
1989-06-14;   -999.000
1989-06-15;   -999.000
1989-06-16;   -999.000
1989-06-17;   -999.000
1989-06-18;   -999.000
1989-06-19;   -999.000
1989-06-20;   -999.000
1989-06-21;   -999.000
1989-06-22;   -999.000
1989-06-23;   -999.000
1989-06-24;   -999.000
1989-06-25;   -999.000
1989-06-26;   -999.000
1989-06-27;   -999.000
1989-06-28;   -999.000
1989-06-29;   -999.000
1989-06-30;   -999.000
1989-07-01;   -999.000
1989-07-02;   -999.000
1989-07-03;   -999.000
1989-07-04;   -999.000
1989-07-05;   -999.000
1989-07-06;   -999.000
1989-07-07;   -999.000
1989-07-08;   -999.000
1989-07-09;   -999.000
1989-07-10;   -999.000
1989-07-11;   -999.000
1989-07-12;   -999.000
1989-07-13;   -999.000
1989-07-14;   -999.000
1989-07-15;   -999.000
1989-07-16;   -999.000
1989-07-17;   -999.000
1989-07-18;   -999.000
1989-07-19;   -999.000
1989-07-20;   -999.000
1989-07-21;   -999.000
1989-07-22;   -999.000
1989-07-23;   -999.000
1989-07-24;   -999.000
1989-07-25;   -999.000
1989-07-26;   -999.000
1989-07-27;   -999.000
1989-07-28;   -999.000
1989-07-29;   -999.000
1989-07-30;   -999.000
1989-07-31;   -999.000
1989-08-01;   -999.000
1989-08-02;   -999.000
1989-08-03;   -999.000
1989-08-04;   -999.000
1989-08-05;   -999.000
1989-08-06;   -999.000
1989-08-07;   -999.000
1989-08-08;   -999.000
1989-08-09;   -999.000
1989-08-10;   -999.000
1989-08-11;   -999.000
1989-08-12;   -999.000
1989-08-13;   -999.000
1989-08-14;   -999.000
1989-08-15;   -999.000
1989-08-16;   -999.000
1989-08-17;   -999.000
1989-08-18;   -999.000
1989-08-19;   -999.000
1989-08-20;   -999.000
1989-08-21;   -999.000
1989-08-22;   -999.000
1989-08-23;   -999.000
1989-08-24;   -999.000
1989-08-25;   -999.000
1989-08-26;   -999.000
1989-08-27;   -999.000
1989-08-28;   -999.000
1989-08-29;   -999.000
1989-08-30;   -999.000
1989-08-31;   -999.000
1989-09-01;   -999.000
1989-09-02;   -999.000
1989-09-03;   -999.000
1989-09-04;   -999.000
1989-09-05;   -999.000
1989-09-06;   -999.000
1989-09-07;   -999.000
1989-09-08;   -999.000
1989-09-09;   -999.000
1989-09-10;   -999.000
1989-09-11;   -999.000
1989-09-12;   -999.000
1989-09-13;   -999.000
1989-09-14;   -999.000
1989-09-15;   -999.000
1989-09-16;   -999.000
1989-09-17;   -999.000
1989-09-18;   -999.000
1989-09-19;   -999.000
1989-09-20;   -999.000
1989-09-21;   -999.000
1989-09-22;   -999.000
1989-09-23;   -999.000
1989-09-24;   -999.000
1989-09-25;   -999.000
1989-09-26;   -999.000
1989-09-27;   -999.000
1989-09-28;   -999.000
1989-09-29;   -999.000
1989-09-30;   -999.000
1989-10-01;   -999.000
1989-10-02;   -999.000
1989-10-03;   -999.000
1989-10-04;   -999.000
1989-10-05;   -999.000
1989-10-06;   -999.000
1989-10-07;   -999.000
1989-10-08;   -999.000
1989-10-09;   -999.000
1989-10-10;   -999.000
1989-10-11;   -999.000
1989-10-12;   -999.000
1989-10-13;   -999.000
1989-10-14;   -999.000
1989-10-15;   -999.000
1989-10-16;   -999.000
1989-10-17;   -999.000
1989-10-18;   -999.000
1989-10-19;   -999.000
1989-10-20;   -999.000
1989-10-21;   -999.000
1989-10-22;   -999.000
1989-10-23;   -999.000
1989-10-24;   -999.000
1989-10-25;   -999.000
1989-10-26;   -999.000
1989-10-27;   -999.000
1989-10-28;   -999.000
1989-10-29;   -999.000
1989-10-30;   -999.000
1989-10-31;   -999.000
1989-11-01;   -999.000
1989-11-02;   -999.000
1989-11-03;   -999.000
1989-11-04;   -999.000
1989-11-05;   -999.000
1989-11-06;   -999.000
1989-11-07;   -999.000
1989-11-08;   -999.000
1989-11-09;   -999.000
1989-11-10;   -999.000
1989-11-11;   -999.000
1989-11-12;   -999.000
1989-11-13;   -999.000
1989-11-14;   -999.000
1989-11-15;   -999.000
1989-11-16;   -999.000
1989-11-17;   -999.000
1989-11-18;   -999.000
1989-11-19;   -999.000
1989-11-20;   -999.000
1989-11-21;   -999.000
1989-11-22;   -999.000
1989-11-23;   -999.000
1989-11-24;   -999.000
1989-11-25;   -999.000
1989-11-26;   -999.000
1989-11-27;   -999.000
1989-11-28;   -999.000
1989-11-29;   -999.000
1989-11-30;   -999.000
1989-12-01;   -999.000
1989-12-02;   -999.000
1989-12-03;   -999.000
1989-12-04;   -999.000
1989-12-05;   -999.000
1989-12-06;   -999.000
1989-12-07;   -999.000
1989-12-08;   -999.000
1989-12-09;   -999.000
1989-12-10;   -999.000
1989-12-11;   -999.000
1989-12-12;   -999.000
1989-12-13;   -999.000
1989-12-14;   -999.000
1989-12-15;   -999.000
1989-12-16;   -999.000
1989-12-17;   -999.000
1989-12-18;   -999.000
1989-12-19;   -999.000
1989-12-20;   -999.000
1989-12-21;   -999.000
1989-12-22;   -999.000
1989-12-23;   -999.000
1989-12-24;   -999.000
1989-12-25;   -999.000
1989-12-26;   -999.000
1989-12-27;   -999.000
1989-12-28;   -999.000
1989-12-29;   -999.000
1989-12-30;   -999.000
1989-12-31;   -999.000
1990-01-01;   -999.000
1990-01-02;   -999.000
1990-01-03;   -999.000
1990-01-04;   -999.000
1990-01-05;   -999.000
1990-01-06;   -999.000
1990-01-07;   -999.000
1990-01-08;   -999.000
1990-01-09;   -999.000
1990-01-10;   -999.000
1990-01-11;   -999.000
1990-01-12;   -999.000
1990-01-13;   -999.000
1990-01-14;   -999.000
1990-01-15;   -999.000
1990-01-16;   -999.000
1990-01-17;   -999.000
1990-01-18;   -999.000
1990-01-19;   -999.000
1990-01-20;   -999.000
1990-01-21;   -999.000
1990-01-22;   -999.000
1990-01-23;   -999.000
1990-01-24;   -999.000
1990-01-25;   -999.000
1990-01-26;   -999.000
1990-01-27;   -999.000
1990-01-28;   -999.000
1990-01-29;   -999.000
1990-01-30;   -999.000
1990-01-31;   -999.000
1990-02-01;   -999.000
1990-02-02;   -999.000
1990-02-03;   -999.000
1990-02-04;   -999.000
1990-02-05;   -999.000
1990-02-06;   -999.000
1990-02-07;   -999.000
1990-02-08;   -999.000
1990-02-09;   -999.000
1990-02-10;   -999.000
1990-02-11;   -999.000
1990-02-12;   -999.000
1990-02-13;   -999.000
1990-02-14;   -999.000
1990-02-15;   -999.000
1990-02-16;   -999.000
1990-02-17;   -999.000
1990-02-18;   -999.000
1990-02-19;   -999.000
1990-02-20;   -999.000
1990-02-21;   -999.000
1990-02-22;   -999.000
1990-02-23;   -999.000
1990-02-24;   -999.000
1990-02-25;   -999.000
1990-02-26;   -999.000
1990-02-27;   -999.000
1990-02-28;   -999.000
1990-03-01;   -999.000
1990-03-02;   -999.000
1990-03-03;   -999.000
1990-03-04;   -999.000
1990-03-05;   -999.000
1990-03-06;   -999.000
1990-03-07;   -999.000
1990-03-08;   -999.000
1990-03-09;   -999.000
1990-03-10;   -999.000
1990-03-11;   -999.000
1990-03-12;   -999.000
1990-03-13;   -999.000
1990-03-14;   -999.000
1990-03-15;   -999.000
1990-03-16;   -999.000
1990-03-17;   -999.000
1990-03-18;   -999.000
1990-03-19;   -999.000
1990-03-20;   -999.000
1990-03-21;   -999.000
1990-03-22;   -999.000
1990-03-23;   -999.000
1990-03-24;   -999.000
1990-03-25;   -999.000
1990-03-26;   -999.000
1990-03-27;   -999.000
1990-03-28;   -999.000
1990-03-29;   -999.000
1990-03-30;   -999.000
1990-03-31;   -999.000
1990-04-01;     14.000
1990-04-02;     14.000
1990-04-03;     13.000
1990-04-04;     13.000
1990-04-05;     13.000
1990-04-06;     12.000
1990-04-07;     12.000
1990-04-08;     12.000
1990-04-09;     14.000
1990-04-10;     13.000
1990-04-11;     13.000
1990-04-12;     14.000
1990-04-13;     14.000
1990-04-14;     14.000
1990-04-15;     13.000
1990-04-16;     14.000
1990-04-17;     17.000
1990-04-18;     16.000
1990-04-19;     13.000
1990-04-20;     11.000
1990-04-21;     10.000
1990-04-22;     12.000
1990-04-23;     12.000
1990-04-24;     10.000
1990-04-25;     10.000
1990-04-26;     10.000
1990-04-27;     11.000
1990-04-28;     14.000
1990-04-29;     14.000
1990-04-30;     16.000
1990-05-01;     27.000
1990-05-02;     22.000
1990-05-03;     16.000
1990-05-04;     14.000
1990-05-05;     20.000
1990-05-06;     13.000
1990-05-07;     13.000
1990-05-08;     19.000
1990-05-09;     25.000
1990-05-10;     32.000
1990-05-11;     32.000
1990-05-12;     30.000
1990-05-13;     27.000
1990-05-14;     21.000
1990-05-15;     18.000
1990-05-16;     17.000
1990-05-17;     21.000
1990-05-18;     28.000
1990-05-19;     22.000
1990-05-20;     19.000
1990-05-21;     21.000
1990-05-22;     18.000
1990-05-23;     18.000
1990-05-24;     49.000
1990-05-25;     41.000
1990-05-26;     36.000
1990-05-27;     33.000
1990-05-28;     30.000
1990-05-29;     27.000
1990-05-30;     24.000
1990-05-31;     24.000
1990-06-01;     27.000
1990-06-02;     30.000
1990-06-03;     31.000
1990-06-04;     27.000
1990-06-05;     24.000
1990-06-06;     19.000
1990-06-07;     18.000
1990-06-08;     17.000
1990-06-09;     18.000
1990-06-10;     18.000
1990-06-11;     17.000
1990-06-12;     17.000
1990-06-13;     22.000
1990-06-14;     19.000
1990-06-15;     15.000
1990-06-16;     20.000
1990-06-17;     25.000
1990-06-18;     18.000
1990-06-19;     21.000
1990-06-20;     24.000
1990-06-21;     23.000
1990-06-22;     24.000
1990-06-23;     24.000
1990-06-24;     19.000
1990-06-25;     17.000
1990-06-26;     17.000
1990-06-27;     16.000
1990-06-28;     15.000
1990-06-29;     13.000
1990-06-30;     12.000
1990-07-01;     12.000
1990-07-02;     25.000
1990-07-03;     24.000
1990-07-04;     16.000
1990-07-05;     12.000
1990-07-06;     11.000
1990-07-07;     10.000
1990-07-08;      9.000
1990-07-09;      9.000
1990-07-10;      9.000
1990-07-11;     10.000
1990-07-12;     12.000
1990-07-13;     14.000
1990-07-14;     13.000
1990-07-15;     10.000
1990-07-16;     10.000
1990-07-17;     17.000
1990-07-18;     20.000
1990-07-19;     13.000
1990-07-20;     10.000
1990-07-21;     21.000
1990-07-22;     37.000
1990-07-23;     37.000
1990-07-24;     24.000
1990-07-25;     22.000
1990-07-26;     21.000
1990-07-27;     21.000
1990-07-28;     21.000
1990-07-29;     27.000
1990-07-30;     31.000
1990-07-31;     28.000
1990-08-01;     25.000
1990-08-02;     29.000
1990-08-03;     35.000
1990-08-04;     30.000
1990-08-05;     37.000
1990-08-06;     35.000
1990-08-07;     28.000
1990-08-08;     24.000
1990-08-09;     21.000
1990-08-10;     20.000
1990-08-11;     21.000
1990-08-12;     26.000
1990-08-13;     30.000
1990-08-14;     29.000
1990-08-15;     28.000
1990-08-16;     36.000
1990-08-17;     33.000
1990-08-18;     31.000
1990-08-19;     42.000
1990-08-20;     31.000
1990-08-21;     35.000
1990-08-22;     52.000
1990-08-23;     52.000
1990-08-24;     50.000
1990-08-25;     56.000
1990-08-26;     59.000
1990-08-27;     58.000
1990-08-28;     54.000
1990-08-29;     52.000
1990-08-30;     46.000
1990-08-31;     49.000
1990-09-01;     56.000
1990-09-02;     58.000
1990-09-03;     54.000
1990-09-04;     59.000
1990-09-05;     58.000
1990-09-06;     51.000
1990-09-07;     43.000
1990-09-08;     42.000
1990-09-09;     48.000
1990-09-10;     46.000
1990-09-11;     48.000
1990-09-12;     50.000
1990-09-13;     50.000
1990-09-14;     56.000
1990-09-15;   -999.000
1990-09-16;   -999.000
1990-09-17;   -999.000
1990-09-18;   -999.000
1990-09-19;   -999.000
1990-09-20;   -999.000
1990-09-21;     57.000
1990-09-22;     57.000
1990-09-23;     57.000
1990-09-24;     54.000
1990-09-25;     55.000
1990-09-26;     56.000
1990-09-27;     49.000
1990-09-28;     48.000
1990-09-29;     48.000
1990-09-30;     43.000
1990-10-01;     43.000
1990-10-02;     42.000
1990-10-03;     41.000
1990-10-04;     39.000
1990-10-05;     39.000
1990-10-06;     36.000
1990-10-07;     35.000
1990-10-08;     34.000
1990-10-09;     35.000
1990-10-10;     37.000
1990-10-11;     52.000
1990-10-12;     56.000
1990-10-13;     45.000
1990-10-14;     42.000
1990-10-15;     40.000
1990-10-16;     43.000
1990-10-17;     40.000
1990-10-18;     46.000
1990-10-19;     42.000
1990-10-20;     46.000
1990-10-21;     47.000
1990-10-22;     38.000
1990-10-23;     38.000
1990-10-24;     42.000
1990-10-25;     47.000
1990-10-26;     55.000
1990-10-27;     59.000
1990-10-28;     55.000
1990-10-29;     50.000
1990-10-30;     49.000
1990-10-31;     54.000
1990-11-01;     49.000
1990-11-02;     44.000
1990-11-03;     40.000
1990-11-04;     37.000
1990-11-05;     55.000
1990-11-06;     49.000
1990-11-07;     42.000
1990-11-08;     40.000
1990-11-09;     38.000
1990-11-10;     45.000
1990-11-11;     47.000
1990-11-12;     43.000
1990-11-13;     40.000
1990-11-14;     36.000
1990-11-15;     36.000
1990-11-16;     42.000
1990-11-17;     50.000
1990-11-18;     51.000
1990-11-19;     48.000
1990-11-20;     45.000
1990-11-21;     42.000
1990-11-22;     40.000
1990-11-23;     40.000
1990-11-24;     35.000
1990-11-25;     33.000
1990-11-26;     32.000
1990-11-27;     31.000
1990-11-28;     30.000
1990-11-29;     29.000
1990-11-30;     28.000
1990-12-01;     28.000
1990-12-02;     27.000
1990-12-03;     26.000
1990-12-04;     27.000
1990-12-05;     28.000
1990-12-06;     30.000
1990-12-07;     31.000
1990-12-08;     30.000
1990-12-09;     29.000
1990-12-10;     30.000
1990-12-11;     27.000
1990-12-12;     27.000
1990-12-13;     26.000
1990-12-14;     25.000
1990-12-15;     24.000
1990-12-16;     23.000
1990-12-17;     22.000
1990-12-18;     22.000
1990-12-19;     21.000
1990-12-20;     21.000
1990-12-21;     21.000
1990-12-22;     20.000
1990-12-23;     20.000
1990-12-24;     19.000
1990-12-25;     19.000
1990-12-26;     18.000
1990-12-27;     18.000
1990-12-28;     17.000
1990-12-29;     16.000
1990-12-30;     16.000
1990-12-31;     16.000
1991-01-01;     16.000
1991-01-02;     15.000
1991-01-03;     15.000
1991-01-04;     15.000
1991-01-05;     14.000
1991-01-06;     14.000
1991-01-07;     14.000
1991-01-08;     14.000
1991-01-09;     13.000
1991-01-10;     13.000
1991-01-11;     14.000
1991-01-12;     13.000
1991-01-13;     13.000
1991-01-14;     12.000
1991-01-15;     12.000
1991-01-16;     12.000
1991-01-17;     12.000
1991-01-18;     12.000
1991-01-19;     11.000
1991-01-20;     11.000
1991-01-21;     11.000
1991-01-22;     11.000
1991-01-23;     11.000
1991-01-24;      9.000
1991-01-25;      9.000
1991-01-26;      9.000
1991-01-27;      9.000
1991-01-28;      8.000
1991-01-29;      8.000
1991-01-30;      9.000
1991-01-31;      9.000
1991-02-01;      9.000
1991-02-02;      9.000
1991-02-03;      8.000
1991-02-04;      8.000
1991-02-05;     10.000
1991-02-06;      9.000
1991-02-07;      9.000
1991-02-08;      8.000
1991-02-09;      8.000
1991-02-10;      7.000
1991-02-11;      7.000
1991-02-12;      7.000
1991-02-13;      9.000
1991-02-14;      9.000
1991-02-15;      8.000
1991-02-16;      8.000
1991-02-17;      7.000
1991-02-18;      8.000
1991-02-19;     10.000
1991-02-20;     10.000
1991-02-21;      9.000
1991-02-22;      7.000
1991-02-23;      7.000
1991-02-24;     18.000
1991-02-25;     16.000
1991-02-26;     12.000
1991-02-27;     10.000
1991-02-28;     10.000
1991-03-01;      9.000
1991-03-02;      9.000
1991-03-03;      8.000
1991-03-04;      8.000
1991-03-05;      7.000
1991-03-06;      7.000
1991-03-07;      6.000
1991-03-08;      6.000
1991-03-09;      6.000
1991-03-10;      5.000
1991-03-11;      6.000
1991-03-12;      7.000
1991-03-13;      6.000
1991-03-14;      6.000
1991-03-15;      5.000
1991-03-16;      5.000
1991-03-17;      4.000
1991-03-18;      3.000
1991-03-19;      3.000
1991-03-20;      3.000
1991-03-21;      3.000
1991-03-22;      3.000
1991-03-23;      3.000
1991-03-24;      7.000
1991-03-25;      5.000
1991-03-26;      5.000
1991-03-27;      5.000
1991-03-28;      4.000
1991-03-29;      3.000
1991-03-30;      3.000
1991-03-31;      3.000
1991-04-01;      6.000
1991-04-02;      7.000
1991-04-03;      9.000
1991-04-04;     16.000
1991-04-05;     24.000
1991-04-06;     24.000
1991-04-07;     24.000
1991-04-08;     25.000
1991-04-09;     26.000
1991-04-10;     18.000
1991-04-11;     15.000
1991-04-12;     14.000
1991-04-13;     14.000
1991-04-14;     13.000
1991-04-15;     11.000
1991-04-16;     10.000
1991-04-17;      9.000
1991-04-18;      8.000
1991-04-19;      8.000
1991-04-20;      7.000
1991-04-21;      7.000
1991-04-22;      7.000
1991-04-23;      7.000
1991-04-24;      6.000
1991-04-25;      6.000
1991-04-26;      6.000
1991-04-27;      6.000
1991-04-28;      5.000
1991-04-29;      5.000
1991-04-30;      5.000
1991-05-01;      4.000
1991-05-02;      6.000
1991-05-03;      6.000
1991-05-04;      5.000
1991-05-05;      5.000
1991-05-06;      5.000
1991-05-07;      9.000
1991-05-08;      9.000
1991-05-09;      8.000
1991-05-10;      6.000
1991-05-11;      6.000
1991-05-12;      8.000
1991-05-13;     11.000
1991-05-14;      9.000
1991-05-15;     10.000
1991-05-16;      8.000
1991-05-17;      7.000
1991-05-18;      6.000
1991-05-19;      7.000
1991-05-20;     11.000
1991-05-21;     13.000
1991-05-22;     10.000
1991-05-23;     10.000
1991-05-24;      7.000
1991-05-25;     13.000
1991-05-26;     24.000
1991-05-27;     24.000
1991-05-28;     17.000
1991-05-29;     16.000
1991-05-30;     20.000
1991-05-31;     17.000
1991-06-01;     15.000
1991-06-02;     22.000
1991-06-03;     31.000
1991-06-04;     26.000
1991-06-05;     17.000
1991-06-06;     19.000
1991-06-07;     14.000
1991-06-08;     12.000
1991-06-09;     12.000
1991-06-10;     11.000
1991-06-11;     10.000
1991-06-12;     10.000
1991-06-13;     11.000
1991-06-14;     14.000
1991-06-15;     16.000
1991-06-16;     21.000
1991-06-17;     26.000
1991-06-18;     26.000
1991-06-19;     23.000
1991-06-20;     23.000
1991-06-21;     20.000
1991-06-22;     18.000
1991-06-23;     18.000
1991-06-24;     15.000
1991-06-25;     14.000
1991-06-26;     17.000
1991-06-27;     16.000
1991-06-28;     12.000
1991-06-29;     10.000
1991-06-30;     10.000
1991-07-01;      9.000
1991-07-02;     11.000
1991-07-03;     12.000
1991-07-04;     13.000
1991-07-05;     15.000
1991-07-06;     17.000
1991-07-07;     19.000
1991-07-08;     18.000
1991-07-09;     22.000
1991-07-10;     23.000
1991-07-11;     25.000
1991-07-12;     26.000
1991-07-13;     30.000
1991-07-14;     35.000
1991-07-15;     37.000
1991-07-16;     31.000
1991-07-17;     28.000
1991-07-18;     35.000
1991-07-19;     43.000
1991-07-20;     37.000
1991-07-21;     48.000
1991-07-22;   -999.000
1991-07-23;   -999.000
1991-07-24;   -999.000
1991-07-25;   -999.000
1991-07-26;   -999.000
1991-07-27;     59.000
1991-07-28;     51.000
1991-07-29;     46.000
1991-07-30;     43.000
1991-07-31;     46.000
1991-08-01;   -999.000
1991-08-02;   -999.000
1991-08-03;   -999.000
1991-08-04;   -999.000
1991-08-05;   -999.000
1991-08-06;     57.000
1991-08-07;     46.000
1991-08-08;     43.000
1991-08-09;     45.000
1991-08-10;     55.000
1991-08-11;   -999.000
1991-08-12;   -999.000
1991-08-13;   -999.000
1991-08-14;   -999.000
1991-08-15;   -999.000
1991-08-16;   -999.000
1991-08-17;   -999.000
1991-08-18;   -999.000
1991-08-19;   -999.000
1991-08-20;   -999.000
1991-08-21;   -999.000
1991-08-22;   -999.000
1991-08-23;   -999.000
1991-08-24;   -999.000
1991-08-25;   -999.000
1991-08-26;   -999.000
1991-08-27;   -999.000
1991-08-28;   -999.000
1991-08-29;   -999.000
1991-08-30;   -999.000
1991-08-31;    256.000
1991-09-01;    253.000
1991-09-02;    246.000
1991-09-03;    237.000
1991-09-04;    232.000
1991-09-05;    229.000
1991-09-06;   -999.000
1991-09-07;   -999.000
1991-09-08;   -999.000
1991-09-09;   -999.000
1991-09-10;   -999.000
1991-09-11;   -999.000
1991-09-12;   -999.000
1991-09-13;   -999.000
1991-09-14;   -999.000
1991-09-15;   -999.000
1991-09-16;   -999.000
1991-09-17;   -999.000
1991-09-18;   -999.000
1991-09-19;   -999.000
1991-09-20;   -999.000
1991-09-21;   -999.000
1991-09-22;   -999.000
1991-09-23;   -999.000
1991-09-24;   -999.000
1991-09-25;   -999.000
1991-09-26;   -999.000
1991-09-27;   -999.000
1991-09-28;   -999.000
1991-09-29;   -999.000
1991-09-30;   -999.000
1991-10-01;   -999.000
1991-10-02;   -999.000
1991-10-03;   -999.000
1991-10-04;   -999.000
1991-10-05;   -999.000
1991-10-06;   -999.000
1991-10-07;   -999.000
1991-10-08;   -999.000
1991-10-09;   -999.000
1991-10-10;   -999.000
1991-10-11;   -999.000
1991-10-12;   -999.000
1991-10-13;   -999.000
1991-10-14;   -999.000
1991-10-15;   -999.000
1991-10-16;   -999.000
1991-10-17;   -999.000
1991-10-18;   -999.000
1991-10-19;   -999.000
1991-10-20;   -999.000
1991-10-21;   -999.000
1991-10-22;   -999.000
1991-10-23;   -999.000
1991-10-24;   -999.000
1991-10-25;   -999.000
1991-10-26;   -999.000
1991-10-27;   -999.000
1991-10-28;   -999.000
1991-10-29;   -999.000
1991-10-30;   -999.000
1991-10-31;   -999.000
1991-11-01;   -999.000
1991-11-02;   -999.000
1991-11-03;   -999.000
1991-11-04;   -999.000
1991-11-05;   -999.000
1991-11-06;   -999.000
1991-11-07;   -999.000
1991-11-08;   -999.000
1991-11-09;   -999.000
1991-11-10;   -999.000
1991-11-11;   -999.000
1991-11-12;   -999.000
1991-11-13;   -999.000
1991-11-14;   -999.000
1991-11-15;     60.000
1991-11-16;     60.000
1991-11-17;     60.000
1991-11-18;     58.000
1991-11-19;     58.000
1991-11-20;     57.000
1991-11-21;     57.000
1991-11-22;     56.000
1991-11-23;     56.000
1991-11-24;     55.000
1991-11-25;     55.000
1991-11-26;     53.000
1991-11-27;     53.000
1991-11-28;     53.000
1991-11-29;     52.000
1991-11-30;     50.000
1991-12-01;   -999.000
1991-12-02;   -999.000
1991-12-03;   -999.000
1991-12-04;   -999.000
1991-12-05;   -999.000
1991-12-06;   -999.000
1991-12-07;   -999.000
1991-12-08;   -999.000
1991-12-09;   -999.000
1991-12-10;   -999.000
1991-12-11;   -999.000
1991-12-12;   -999.000
1991-12-13;   -999.000
1991-12-14;   -999.000
1991-12-15;   -999.000
1991-12-16;   -999.000
1991-12-17;   -999.000
1991-12-18;   -999.000
1991-12-19;   -999.000
1991-12-20;   -999.000
1991-12-21;   -999.000
1991-12-22;   -999.000
1991-12-23;   -999.000
1991-12-24;   -999.000
1991-12-25;   -999.000
1991-12-26;   -999.000
1991-12-27;   -999.000
1991-12-28;   -999.000
1991-12-29;   -999.000
1991-12-30;   -999.000
1991-12-31;   -999.000
1992-01-01;     30.000
1992-01-02;     30.000
1992-01-03;     30.000
1992-01-04;     29.000
1992-01-05;     29.000
1992-01-06;     29.000
1992-01-07;     28.000
1992-01-08;     28.000
1992-01-09;     28.000
1992-01-10;     28.000
1992-01-11;     27.000
1992-01-12;     27.000
1992-01-13;     27.000
1992-01-14;     26.000
1992-01-15;     26.000
1992-01-16;     25.000
1992-01-17;     24.000
1992-01-18;     24.000
1992-01-19;     23.000
1992-01-20;     23.000
1992-01-21;     23.000
1992-01-22;     22.000
1992-01-23;     22.000
1992-01-24;     22.000
1992-01-25;     21.000
1992-01-26;     21.000
1992-01-27;     21.000
1992-01-28;     21.000
1992-01-29;     25.000
1992-01-30;     25.000
1992-01-31;     25.000
1992-02-01;     20.000
1992-02-02;     20.000
1992-02-03;     19.000
1992-02-04;     19.000
1992-02-05;     19.000
1992-02-06;     18.000
1992-02-07;     17.000
1992-02-08;     17.000
1992-02-09;     17.000
1992-02-10;     16.000
1992-02-11;     16.000
1992-02-12;     15.000
1992-02-13;     15.000
1992-02-14;     15.000
1992-02-15;     14.000
1992-02-16;     14.000
1992-02-17;     14.000
1992-02-18;     13.000
1992-02-19;     13.000
1992-02-20;     13.000
1992-02-21;     12.000
1992-02-22;     12.000
1992-02-23;     12.000
1992-02-24;     12.000
1992-02-25;     12.000
1992-02-26;     11.000
1992-02-27;     11.000
1992-02-28;     10.000
1992-02-29;      9.000
1992-03-01;      9.000
1992-03-02;      9.000
1992-03-03;      9.000
1992-03-04;      9.000
1992-03-05;      9.000
1992-03-06;      8.000
1992-03-07;      8.000
1992-03-08;      8.000
1992-03-09;      7.000
1992-03-10;      7.000
1992-03-11;      7.000
1992-03-12;      7.000
1992-03-13;      7.000
1992-03-14;      9.000
1992-03-15;     12.000
1992-03-16;     12.000
1992-03-17;     11.000
1992-03-18;     17.000
1992-03-19;     17.000
1992-03-20;     19.000
1992-03-21;     20.000
1992-03-22;     17.000
1992-03-23;     17.000
1992-03-24;     15.000
1992-03-25;     15.000
1992-03-26;     14.000
1992-03-27;     14.000
1992-03-28;     16.000
1992-03-29;     15.000
1992-03-30;     17.000
1992-03-31;     24.000
1992-04-01;     27.000
1992-04-02;     30.000
1992-04-03;     33.000
1992-04-04;     33.000
1992-04-05;     29.000
1992-04-06;     23.000
1992-04-07;     18.000
1992-04-08;     16.000
1992-04-09;     15.000
1992-04-10;     14.000
1992-04-11;     14.000
1992-04-12;     13.000
1992-04-13;     12.000
1992-04-14;     11.000
1992-04-15;     13.000
1992-04-16;     13.000
1992-04-17;     11.000
1992-04-18;     11.000
1992-04-19;     11.000
1992-04-20;     10.000
1992-04-21;     11.000
1992-04-22;     14.000
1992-04-23;     14.000
1992-04-24;     16.000
1992-04-25;     14.000
1992-04-26;     14.000
1992-04-27;     13.000
1992-04-28;     13.000
1992-04-29;     12.000
1992-04-30;     12.000
1992-05-01;     12.000
1992-05-02;     12.000
1992-05-03;     14.000
1992-05-04;     14.000
1992-05-05;     13.000
1992-05-06;     12.000
1992-05-07;     11.000
1992-05-08;     11.000
1992-05-09;     11.000
1992-05-10;     12.000
1992-05-11;     12.000
1992-05-12;     11.000
1992-05-13;     11.000
1992-05-14;     11.000
1992-05-15;     12.000
1992-05-16;     14.000
1992-05-17;     15.000
1992-05-18;     16.000
1992-05-19;     14.000
1992-05-20;     14.000
1992-05-21;     18.000
1992-05-22;     18.000
1992-05-23;     18.000
1992-05-24;     21.000
1992-05-25;     20.000
1992-05-26;     18.000
1992-05-27;     19.000
1992-05-28;     21.000
1992-05-29;     19.000
1992-05-30;     18.000
1992-05-31;     18.000
1992-06-01;     19.000
1992-06-02;     19.000
1992-06-03;     18.000
1992-06-04;     18.000
1992-06-05;     24.000
1992-06-06;     24.000
1992-06-07;     22.000
1992-06-08;     19.000
1992-06-09;     17.000
1992-06-10;     14.000
1992-06-11;     13.000
1992-06-12;     14.000
1992-06-13;     14.000
1992-06-14;     14.000
1992-06-15;     16.000
1992-06-16;     14.000
1992-06-17;     16.000
1992-06-18;     20.000
1992-06-19;     24.000
1992-06-20;     30.000
1992-06-21;     24.000
1992-06-22;     22.000
1992-06-23;     22.000
1992-06-24;     21.000
1992-06-25;     29.000
1992-06-26;     36.000
1992-06-27;     38.000
1992-06-28;     46.000
1992-06-29;     32.000
1992-06-30;     29.000
1992-07-01;   -999.000
1992-07-02;   -999.000
1992-07-03;   -999.000
1992-07-04;   -999.000
1992-07-05;   -999.000
1992-07-06;   -999.000
1992-07-07;   -999.000
1992-07-08;   -999.000
1992-07-09;   -999.000
1992-07-10;   -999.000
1992-07-11;   -999.000
1992-07-12;   -999.000
1992-07-13;   -999.000
1992-07-14;   -999.000
1992-07-15;   -999.000
1992-07-16;   -999.000
1992-07-17;   -999.000
1992-07-18;   -999.000
1992-07-19;   -999.000
1992-07-20;   -999.000
1992-07-21;   -999.000
1992-07-22;   -999.000
1992-07-23;   -999.000
1992-07-24;   -999.000
1992-07-25;   -999.000
1992-07-26;   -999.000
1992-07-27;   -999.000
1992-07-28;   -999.000
1992-07-29;   -999.000
1992-07-30;   -999.000
1992-07-31;   -999.000
1992-08-01;   -999.000
1992-08-02;   -999.000
1992-08-03;   -999.000
1992-08-04;   -999.000
1992-08-05;   -999.000
1992-08-06;   -999.000
1992-08-07;   -999.000
1992-08-08;   -999.000
1992-08-09;   -999.000
1992-08-10;   -999.000
1992-08-11;   -999.000
1992-08-12;   -999.000
1992-08-13;   -999.000
1992-08-14;   -999.000
1992-08-15;   -999.000
1992-08-16;   -999.000
1992-08-17;   -999.000
1992-08-18;   -999.000
1992-08-19;   -999.000
1992-08-20;   -999.000
1992-08-21;   -999.000
1992-08-22;   -999.000
1992-08-23;   -999.000
1992-08-24;   -999.000
1992-08-25;   -999.000
1992-08-26;   -999.000
1992-08-27;   -999.000
1992-08-28;   -999.000
1992-08-29;   -999.000
1992-08-30;   -999.000
1992-08-31;   -999.000
1992-09-01;   -999.000
1992-09-02;   -999.000
1992-09-03;   -999.000
1992-09-04;   -999.000
1992-09-05;   -999.000
1992-09-06;   -999.000
1992-09-07;   -999.000
1992-09-08;   -999.000
1992-09-09;   -999.000
1992-09-10;   -999.000
1992-09-11;   -999.000
1992-09-12;   -999.000
1992-09-13;   -999.000
1992-09-14;   -999.000
1992-09-15;   -999.000
1992-09-16;   -999.000
1992-09-17;   -999.000
1992-09-18;   -999.000
1992-09-19;   -999.000
1992-09-20;   -999.000
1992-09-21;   -999.000
1992-09-22;   -999.000
1992-09-23;   -999.000
1992-09-24;   -999.000
1992-09-25;   -999.000
1992-09-26;   -999.000
1992-09-27;   -999.000
1992-09-28;   -999.000
1992-09-29;   -999.000
1992-09-30;   -999.000
1992-10-01;   -999.000
1992-10-02;   -999.000
1992-10-03;   -999.000
1992-10-04;   -999.000
1992-10-05;   -999.000
1992-10-06;   -999.000
1992-10-07;   -999.000
1992-10-08;   -999.000
1992-10-09;   -999.000
1992-10-10;   -999.000
1992-10-11;   -999.000
1992-10-12;   -999.000
1992-10-13;   -999.000
1992-10-14;   -999.000
1992-10-15;   -999.000
1992-10-16;   -999.000
1992-10-17;   -999.000
1992-10-18;   -999.000
1992-10-19;   -999.000
1992-10-20;   -999.000
1992-10-21;   -999.000
1992-10-22;   -999.000
1992-10-23;   -999.000
1992-10-24;   -999.000
1992-10-25;   -999.000
1992-10-26;   -999.000
1992-10-27;   -999.000
1992-10-28;   -999.000
1992-10-29;   -999.000
1992-10-30;   -999.000
1992-10-31;   -999.000
1992-11-01;   -999.000
1992-11-02;   -999.000
1992-11-03;   -999.000
1992-11-04;   -999.000
1992-11-05;   -999.000
1992-11-06;   -999.000
1992-11-07;   -999.000
1992-11-08;   -999.000
1992-11-09;   -999.000
1992-11-10;   -999.000
1992-11-11;   -999.000
1992-11-12;   -999.000
1992-11-13;   -999.000
1992-11-14;   -999.000
1992-11-15;   -999.000
1992-11-16;   -999.000
1992-11-17;   -999.000
1992-11-18;   -999.000
1992-11-19;   -999.000
1992-11-20;   -999.000
1992-11-21;   -999.000
1992-11-22;   -999.000
1992-11-23;   -999.000
1992-11-24;   -999.000
1992-11-25;   -999.000
1992-11-26;   -999.000
1992-11-27;   -999.000
1992-11-28;   -999.000
1992-11-29;   -999.000
1992-11-30;   -999.000
1992-12-01;   -999.000
1992-12-02;   -999.000
1992-12-03;   -999.000
1992-12-04;   -999.000
1992-12-05;   -999.000
1992-12-06;   -999.000
1992-12-07;   -999.000
1992-12-08;   -999.000
1992-12-09;   -999.000
1992-12-10;   -999.000
1992-12-11;   -999.000
1992-12-12;   -999.000
1992-12-13;   -999.000
1992-12-14;   -999.000
1992-12-15;   -999.000
1992-12-16;   -999.000
1992-12-17;   -999.000
1992-12-18;   -999.000
1992-12-19;   -999.000
1992-12-20;   -999.000
1992-12-21;   -999.000
1992-12-22;   -999.000
1992-12-23;   -999.000
1992-12-24;   -999.000
1992-12-25;   -999.000
1992-12-26;   -999.000
1992-12-27;   -999.000
1992-12-28;   -999.000
1992-12-29;   -999.000
1992-12-30;   -999.000
1992-12-31;   -999.000
1993-01-01;   -999.000
1993-01-02;   -999.000
1993-01-03;   -999.000
1993-01-04;   -999.000
1993-01-05;   -999.000
1993-01-06;   -999.000
1993-01-07;   -999.000
1993-01-08;   -999.000
1993-01-09;   -999.000
1993-01-10;   -999.000
1993-01-11;   -999.000
1993-01-12;   -999.000
1993-01-13;   -999.000
1993-01-14;   -999.000
1993-01-15;   -999.000
1993-01-16;   -999.000
1993-01-17;   -999.000
1993-01-18;   -999.000
1993-01-19;   -999.000
1993-01-20;   -999.000
1993-01-21;   -999.000
1993-01-22;   -999.000
1993-01-23;   -999.000
1993-01-24;   -999.000
1993-01-25;   -999.000
1993-01-26;   -999.000
1993-01-27;   -999.000
1993-01-28;   -999.000
1993-01-29;   -999.000
1993-01-30;   -999.000
1993-01-31;   -999.000
1993-02-01;   -999.000
1993-02-02;   -999.000
1993-02-03;   -999.000
1993-02-04;   -999.000
1993-02-05;   -999.000
1993-02-06;   -999.000
1993-02-07;   -999.000
1993-02-08;   -999.000
1993-02-09;   -999.000
1993-02-10;   -999.000
1993-02-11;   -999.000
1993-02-12;   -999.000
1993-02-13;   -999.000
1993-02-14;   -999.000
1993-02-15;   -999.000
1993-02-16;   -999.000
1993-02-17;   -999.000
1993-02-18;   -999.000
1993-02-19;   -999.000
1993-02-20;   -999.000
1993-02-21;   -999.000
1993-02-22;   -999.000
1993-02-23;   -999.000
1993-02-24;   -999.000
1993-02-25;   -999.000
1993-02-26;   -999.000
1993-02-27;   -999.000
1993-02-28;   -999.000
1993-03-01;   -999.000
1993-03-02;   -999.000
1993-03-03;   -999.000
1993-03-04;   -999.000
1993-03-05;   -999.000
1993-03-06;   -999.000
1993-03-07;   -999.000
1993-03-08;   -999.000
1993-03-09;   -999.000
1993-03-10;   -999.000
1993-03-11;   -999.000
1993-03-12;   -999.000
1993-03-13;   -999.000
1993-03-14;   -999.000
1993-03-15;   -999.000
1993-03-16;   -999.000
1993-03-17;   -999.000
1993-03-18;   -999.000
1993-03-19;   -999.000
1993-03-20;   -999.000
1993-03-21;   -999.000
1993-03-22;   -999.000
1993-03-23;   -999.000
1993-03-24;   -999.000
1993-03-25;   -999.000
1993-03-26;   -999.000
1993-03-27;   -999.000
1993-03-28;   -999.000
1993-03-29;   -999.000
1993-03-30;   -999.000
1993-03-31;   -999.000
1993-04-01;   -999.000
1993-04-02;   -999.000
1993-04-03;   -999.000
1993-04-04;   -999.000
1993-04-05;   -999.000
1993-04-06;   -999.000
1993-04-07;   -999.000
1993-04-08;   -999.000
1993-04-09;   -999.000
1993-04-10;   -999.000
1993-04-11;   -999.000
1993-04-12;   -999.000
1993-04-13;   -999.000
1993-04-14;   -999.000
1993-04-15;   -999.000
1993-04-16;   -999.000
1993-04-17;   -999.000
1993-04-18;   -999.000
1993-04-19;   -999.000
1993-04-20;   -999.000
1993-04-21;   -999.000
1993-04-22;   -999.000
1993-04-23;   -999.000
1993-04-24;   -999.000
1993-04-25;   -999.000
1993-04-26;   -999.000
1993-04-27;   -999.000
1993-04-28;   -999.000
1993-04-29;   -999.000
1993-04-30;   -999.000
1993-05-01;   -999.000
1993-05-02;   -999.000
1993-05-03;   -999.000
1993-05-04;   -999.000
1993-05-05;   -999.000
1993-05-06;   -999.000
1993-05-07;   -999.000
1993-05-08;   -999.000
1993-05-09;   -999.000
1993-05-10;   -999.000
1993-05-11;   -999.000
1993-05-12;   -999.000
1993-05-13;   -999.000
1993-05-14;   -999.000
1993-05-15;   -999.000
1993-05-16;   -999.000
1993-05-17;   -999.000
1993-05-18;   -999.000
1993-05-19;   -999.000
1993-05-20;   -999.000
1993-05-21;     19.000
1993-05-22;     14.000
1993-05-23;     14.000
1993-05-24;     13.000
1993-05-25;     13.000
1993-05-26;     14.000
1993-05-27;     14.000
1993-05-28;     13.000
1993-05-29;     13.000
1993-05-30;     13.000
1993-05-31;     13.000
1993-06-01;     15.000
1993-06-02;     21.000
1993-06-03;     26.000
1993-06-04;     29.000
1993-06-05;     27.000
1993-06-06;     24.000
1993-06-07;     24.000
1993-06-08;     22.000
1993-06-09;     19.000
1993-06-10;     23.000
1993-06-11;     22.000
1993-06-12;     29.000
1993-06-13;     28.000
1993-06-14;     25.000
1993-06-15;     26.000
1993-06-16;     26.000
1993-06-17;     32.000
1993-06-18;     28.000
1993-06-19;     27.000
1993-06-20;     26.000
1993-06-21;     25.000
1993-06-22;     26.000
1993-06-23;     26.000
1993-06-24;     43.000
1993-06-25;     26.000
1993-06-26;     22.000
1993-06-27;     28.000
1993-06-28;     29.000
1993-06-29;     25.000
1993-06-30;     24.000
1993-07-01;     21.000
1993-07-02;     21.000
1993-07-03;     20.000
1993-07-04;     20.000
1993-07-05;     29.000
1993-07-06;     28.000
1993-07-07;     27.000
1993-07-08;     29.000
1993-07-09;     32.000
1993-07-10;     28.000
1993-07-11;     29.000
1993-07-12;     27.000
1993-07-13;     35.000
1993-07-14;     36.000
1993-07-15;     40.000
1993-07-16;     45.000
1993-07-17;     49.000
1993-07-18;     81.000
1993-07-19;     70.000
1993-07-20;     70.000
1993-07-21;     81.000
1993-07-22;     91.000
1993-07-23;     91.000
1993-07-24;    125.000
1993-07-25;    126.000
1993-07-26;    176.000
1993-07-27;    185.000
1993-07-28;    140.000
1993-07-29;    114.000
1993-07-30;    107.000
1993-07-31;    102.000
1993-08-01;    108.000
1993-08-02;    102.000
1993-08-03;     96.000
1993-08-04;    115.000
1993-08-05;     83.000
1993-08-06;     68.000
1993-08-07;     75.000
1993-08-08;     93.000
1993-08-09;    103.000
1993-08-10;    100.000
1993-08-11;     99.000
1993-08-12;     93.000
1993-08-13;     89.000
1993-08-14;     89.000
1993-08-15;     78.000
1993-08-16;     77.000
1993-08-17;    100.000
1993-08-18;     80.000
1993-08-19;     74.000
1993-08-20;     67.000
1993-08-21;     85.000
1993-08-22;     84.000
1993-08-23;     84.000
1993-08-24;     85.000
1993-08-25;    103.000
1993-08-26;     85.000
1993-08-27;     81.000
1993-08-28;     85.000
1993-08-29;    133.000
1993-08-30;    159.000
1993-08-31;    166.000
1993-09-01;    187.000
1993-09-02;    213.000
1993-09-03;    225.000
1993-09-04;    210.000
1993-09-05;    177.000
1993-09-06;    155.000
1993-09-07;    162.000
1993-09-08;    181.000
1993-09-09;    202.000
1993-09-10;    199.000
1993-09-11;    184.000
1993-09-12;    176.000
1993-09-13;    168.000
1993-09-14;    162.000
1993-09-15;    150.000
1993-09-16;    152.000
1993-09-17;    138.000
1993-09-18;    127.000
1993-09-19;    117.000
1993-09-20;    112.000
1993-09-21;    112.000
1993-09-22;    128.000
1993-09-23;    128.000
1993-09-24;    113.000
1993-09-25;    104.000
1993-09-26;     98.000
1993-09-27;     98.000
1993-09-28;    100.000
1993-09-29;     98.000
1993-09-30;     96.000
1993-10-01;     96.000
1993-10-02;     96.000
1993-10-03;     98.000
1993-10-04;     97.000
1993-10-05;     91.000
1993-10-06;     97.000
1993-10-07;    104.000
1993-10-08;    123.000
1993-10-09;    142.000
1993-10-10;    143.000
1993-10-11;    143.000
1993-10-12;    142.000
1993-10-13;    138.000
1993-10-14;    133.000
1993-10-15;    125.000
1993-10-16;    130.000
1993-10-17;    130.000
1993-10-18;    130.000
1993-10-19;    143.000
1993-10-20;    180.000
1993-10-21;    180.000
1993-10-22;    161.000
1993-10-23;    161.000
1993-10-24;    148.000
1993-10-25;    138.000
1993-10-26;    131.000
1993-10-27;    122.000
1993-10-28;     78.000
1993-10-29;     76.000
1993-10-30;    120.000
1993-10-31;    126.000
1993-11-01;    119.000
1993-11-02;    118.000
1993-11-03;    115.000
1993-11-04;     97.000
1993-11-05;     93.000
1993-11-06;     88.000
1993-11-07;     86.000
1993-11-08;     85.000
1993-11-09;     80.000
1993-11-10;     96.000
1993-11-11;     92.000
1993-11-12;     87.000
1993-11-13;     92.000
1993-11-14;     82.000
1993-11-15;     84.000
1993-11-16;    102.000
1993-11-17;     81.000
1993-11-18;     80.000
1993-11-19;     74.000
1993-11-20;     71.000
1993-11-21;     66.000
1993-11-22;     64.000
1993-11-23;     64.000
1993-11-24;     60.000
1993-11-25;     59.000
1993-11-26;     58.000
1993-11-27;     57.000
1993-11-28;     56.000
1993-11-29;     53.000
1993-11-30;     52.000
1993-12-01;     51.000
1993-12-02;     53.000
1993-12-03;     71.000
1993-12-04;     59.000
1993-12-05;     56.000
1993-12-06;     54.000
1993-12-07;     51.000
1993-12-08;     50.000
1993-12-09;     48.000
1993-12-10;     48.000
1993-12-11;     48.000
1993-12-12;     46.000
1993-12-13;     45.000
1993-12-14;     42.000
1993-12-15;     42.000
1993-12-16;     42.000
1993-12-17;     40.000
1993-12-18;     39.000
1993-12-19;     38.000
1993-12-20;     38.000
1993-12-21;     38.000
1993-12-22;     37.000
1993-12-23;     37.000
1993-12-24;     34.000
1993-12-25;     33.000
1993-12-26;     33.000
1993-12-27;     33.000
1993-12-28;     33.000
1993-12-29;     35.000
1993-12-30;     40.000
1993-12-31;   -999.000
1994-01-01;   -999.000
1994-01-02;     33.000
1994-01-03;     34.000
1994-01-04;     35.000
1994-01-05;     34.000
1994-01-06;     32.000
1994-01-07;     32.000
1994-01-08;     31.000
1994-01-09;     29.000
1994-01-10;     27.000
1994-01-11;     27.000
1994-01-12;     27.000
1994-01-13;     27.000
1994-01-14;     27.000
1994-01-15;     27.000
1994-01-16;     26.000
1994-01-17;     25.000
1994-01-18;     25.000
1994-01-19;     24.000
1994-01-20;     24.000
1994-01-21;     24.000
1994-01-22;     23.000
1994-01-23;     23.000
1994-01-24;     23.000
1994-01-25;     22.000
1994-01-26;     22.000
1994-01-27;     22.000
1994-01-28;     22.000
1994-01-29;     22.000
1994-01-30;     28.000
1994-01-31;     24.000
1994-02-01;     23.000
1994-02-02;     23.000
1994-02-03;     22.000
1994-02-04;     21.000
1994-02-05;     21.000
1994-02-06;     21.000
1994-02-07;     20.000
1994-02-08;     20.000
1994-02-09;     20.000
1994-02-10;     19.000
1994-02-11;     19.000
1994-02-12;     19.000
1994-02-13;     18.000
1994-02-14;     18.000
1994-02-15;     17.000
1994-02-16;     17.000
1994-02-17;     16.000
1994-02-18;     16.000
1994-02-19;     15.000
1994-02-20;     15.000
1994-02-21;     14.000
1994-02-22;     14.000
1994-02-23;     14.000
1994-02-24;     13.000
1994-02-25;     12.000
1994-02-26;     12.000
1994-02-27;     12.000
1994-02-28;     12.000
1994-03-01;     12.000
1994-03-02;     12.000
1994-03-03;     12.000
1994-03-04;     11.000
1994-03-05;     11.000
1994-03-06;     11.000
1994-03-07;     10.000
1994-03-08;     10.000
1994-03-09;     10.000
1994-03-10;     10.000
1994-03-11;      9.000
1994-03-12;      9.000
1994-03-13;      9.000
1994-03-14;     10.000
1994-03-15;     10.000
1994-03-16;     10.000
1994-03-17;     10.000
1994-03-18;     10.000
1994-03-19;     10.000
1994-03-20;     11.000
1994-03-21;     11.000
1994-03-22;     12.000
1994-03-23;     12.000
1994-03-24;     10.000
1994-03-25;      9.000
1994-03-26;      9.000
1994-03-27;      8.000
1994-03-28;      8.000
1994-03-29;      8.000
1994-03-30;      8.000
